  1.000000  1.000000  1.000000  1.000000  1.000000  1.000000  1.000000  1.000000  1.000000  1.000000  1.000000  1.000000  1.000000  1.000000  1.000000  1.000000  1.000000  1.000000  1.000000  1.000000  1.000000  1.000000  1.000000  1.000000  1.000000  1.000000  1.000000  1.000000  1.000000  1.000000  1.000000  1.000000  1.000000  1.000000  1.000000  1.000000  1.000000  1.000000  1.000000  1.000000  1.000000  1.000000  1.000000  1.000000  1.000000  1.000000  1.000000  1.000000  1.000000  1.000000  1.000000 
  0.883375  0.883375  0.883396  0.883437  0.883497  0.883576  0.883674  0.883789  0.883921  0.884070  0.884235  0.884415  0.884610  0.884820  0.885042  0.885278  0.885525  0.885783  0.886052  0.886331  0.886620  0.886916  0.887221  0.887534  0.887853  0.888180  0.888512  0.888849  0.889188  0.889528  0.889866  0.890201  0.890530  0.890851  0.891164  0.891466  0.891756  0.892032  0.892293  0.892538  0.892765  0.892974  0.893164  0.893332  0.893479  0.893604  0.893705  0.893783  0.893835  0.893862  0.893862 
  0.769262  0.769262  0.769302  0.769381  0.769498  0.769650  0.769838  0.770060  0.770316  0.770603  0.770921  0.771269  0.771646  0.772050  0.772480  0.772935  0.773413  0.773912  0.774432  0.774972  0.775529  0.776103  0.776693  0.777298  0.777917  0.778549  0.779194  0.779849  0.780508  0.781168  0.781825  0.782476  0.783116  0.783741  0.784350  0.784937  0.785501  0.786039  0.786547  0.787024  0.787466  0.787873  0.788241  0.788570  0.788856  0.789099  0.789297  0.789447  0.789549  0.789601  0.789601 
  0.660002  0.660002  0.660059  0.660171  0.660335  0.660551  0.660816  0.661130  0.661492  0.661898  0.662348  0.662841  0.663374  0.663946  0.664555  0.665199  0.665876  0.666584  0.667322  0.668087  0.668877  0.669692  0.670530  0.671390  0.672270  0.673171  0.674091  0.675025  0.675967  0.676910  0.677850  0.678781  0.679697  0.680593  0.681464  0.682305  0.683113  0.683883  0.684611  0.685295  0.685930  0.686513  0.687041  0.687512  0.687923  0.688271  0.688555  0.688771  0.688918  0.688992  0.688992 
  0.557624  0.557624  0.557694  0.557831  0.558032  0.558297  0.558624  0.559009  0.559453  0.559953  0.560506  0.561112  0.561768  0.562472  0.563222  0.564015  0.564849  0.565722  0.566631  0.567575  0.568551  0.569557  0.570592  0.571655  0.572745  0.573862  0.575005  0.576167  0.577339  0.578515  0.579687  0.580848  0.581991  0.583109  0.584197  0.585248  0.586257  0.587220  0.588131  0.588986  0.589780  0.590509  0.591171  0.591760  0.592275  0.592711  0.593066  0.593337  0.593521  0.593614  0.593614 
  0.463735  0.463735  0.463813  0.463967  0.464194  0.464492  0.464859  0.465294  0.465794  0.466357  0.466981  0.467664  0.468404  0.469198  0.470045  0.470941  0.471884  0.472871  0.473900  0.474968  0.476073  0.477214  0.478388  0.479595  0.480834  0.482106  0.483410  0.484738  0.486080  0.487427  0.488770  0.490101  0.491412  0.492695  0.493944  0.495152  0.496312  0.497419  0.498467  0.499450  0.500364  0.501205  0.501967  0.502646  0.503239  0.503742  0.504151  0.504464  0.504675  0.504783  0.504783 
  0.379454  0.379454  0.379537  0.379699  0.379939  0.380254  0.380643  0.381102  0.381630  0.382226  0.382887  0.383610  0.384394  0.385237  0.386135  0.387086  0.388087  0.389136  0.390231  0.391367  0.392544  0.393760  0.395012  0.396301  0.397626  0.398988  0.400388  0.401816  0.403261  0.404712  0.406160  0.407597  0.409012  0.410399  0.411749  0.413055  0.414311  0.415510  0.416645  0.417711  0.418703  0.419614  0.420441  0.421179  0.421823  0.422370  0.422815  0.423154  0.423384  0.423501  0.423501 
  0.305394  0.305394  0.305477  0.305641  0.305882  0.306198  0.306588  0.307050  0.307582  0.308182  0.308847  0.309576  0.310367  0.311217  0.312124  0.313085  0.314098  0.315160  0.316269  0.317421  0.318615  0.319849  0.321121  0.322432  0.323781  0.325170  0.326602  0.328065  0.329547  0.331037  0.332525  0.334002  0.335458  0.336886  0.338277  0.339624  0.340920  0.342157  0.343330  0.344432  0.345458  0.346402  0.347258  0.348023  0.348690  0.349257  0.349718  0.350070  0.350309  0.350430  0.350430 
  0.241682  0.241682  0.241762  0.241919  0.242151  0.242456  0.242832  0.243277  0.243790  0.244369  0.245012  0.245717  0.246482  0.247305  0.248185  0.249117  0.250101  0.251133  0.252211  0.253332  0.254495  0.255698  0.256939  0.258219  0.259538  0.260899  0.262305  0.263742  0.265201  0.266669  0.268136  0.269594  0.271032  0.272443  0.273819  0.275152  0.276436  0.277663  0.278826  0.279921  0.280941  0.281879  0.282732  0.283493  0.284158  0.284723  0.285183  0.285534  0.285772  0.285893  0.285893 
  0.188017  0.188017  0.188091  0.188236  0.188452  0.188735  0.189084  0.189498  0.189975  0.190513  0.191112  0.191770  0.192484  0.193254  0.194077  0.194950  0.195873  0.196842  0.197854  0.198909  0.200003  0.201135  0.202304  0.203510  0.204754  0.206040  0.207370  0.208733  0.210117  0.211511  0.212906  0.214292  0.215660  0.217005  0.218316  0.219589  0.220815  0.221988  0.223103  0.224152  0.225130  0.226031  0.226850  0.227582  0.228222  0.228766  0.229209  0.229548  0.229777  0.229894  0.229894 
  0.143754  0.143754  0.143820  0.143951  0.144144  0.144398  0.144712  0.145084  0.145513  0.145998  0.146539  0.147133  0.147780  0.148477  0.149224  0.150018  0.150858  0.151740  0.152663  0.153625  0.154623  0.155657  0.156724  0.157825  0.158962  0.160138  0.161357  0.162606  0.163876  0.165155  0.166436  0.167709  0.168968  0.170205  0.171414  0.172587  0.173720  0.174805  0.175837  0.176809  0.177717  0.178555  0.179317  0.179999  0.180596  0.181103  0.181517  0.181833  0.182047  0.182156  0.182156 
  0.108001  0.108001  0.108059  0.108173  0.108341  0.108562  0.108836  0.109160  0.109536  0.109961  0.110435  0.110957  0.111527  0.112142  0.112803  0.113506  0.114250  0.115034  0.115854  0.116709  0.117597  0.118515  0.119463  0.120441  0.121450  0.122494  0.123576  0.124686  0.125814  0.126950  0.128088  0.129220  0.130339  0.131440  0.132517  0.133564  0.134576  0.135548  0.136473  0.137347  0.138164  0.138919  0.139607  0.140224  0.140764  0.141223  0.141598  0.141884  0.142079  0.142178  0.142178 
  0.079718  0.079718  0.079766  0.079863  0.080005  0.080193  0.080425  0.080701  0.081021  0.081384  0.081790  0.082239  0.082729  0.083260  0.083831  0.084441  0.085087  0.085769  0.086483  0.087227  0.087999  0.088797  0.089619  0.090466  0.091339  0.092239  0.093173  0.094129  0.095100  0.096077  0.097055  0.098027  0.098989  0.099936  0.100864  0.101768  0.102643  0.103485  0.104289  0.105051  0.105764  0.106424  0.107027  0.107568  0.108043  0.108447  0.108777  0.109029  0.109201  0.109288  0.109288 
  0.057801  0.057801  0.057842  0.057921  0.058039  0.058194  0.058386  0.058616  0.058883  0.059186  0.059527  0.059905  0.060319  0.060770  0.061256  0.061777  0.062330  0.062914  0.063526  0.064164  0.064824  0.065505  0.066205  0.066923  0.067659  0.068416  0.069199  0.069998  0.070807  0.071620  0.072431  0.073237  0.074035  0.074821  0.075592  0.076345  0.077076  0.077782  0.078457  0.079099  0.079703  0.080263  0.080776  0.081237  0.081643  0.081989  0.082271  0.082488  0.082635  0.082710  0.082710 
  0.041166  0.041166  0.041198  0.041262  0.041357  0.041483  0.041639  0.041827  0.042045  0.042295  0.042577  0.042891  0.043237  0.043616  0.044026  0.044467  0.044937  0.045434  0.045955  0.046496  0.047056  0.047630  0.048217  0.048815  0.049424  0.050045  0.050683  0.051331  0.051982  0.052633  0.053280  0.053922  0.054557  0.055183  0.055798  0.056400  0.056988  0.057557  0.058105  0.058628  0.059122  0.059582  0.060006  0.060387  0.060724  0.061012  0.061248  0.061428  0.061551  0.061614  0.061614 
  0.028794  0.028794  0.028820  0.028870  0.028946  0.029046  0.029172  0.029322  0.029499  0.029703  0.029935  0.030194  0.030483  0.030801  0.031147  0.031521  0.031920  0.032344  0.032787  0.033248  0.033721  0.034204  0.034692  0.035184  0.035679  0.036177  0.036683  0.037190  0.037694  0.038194  0.038687  0.039173  0.039653  0.040126  0.040593  0.041052  0.041502  0.041942  0.042368  0.042777  0.043166  0.043532  0.043870  0.044176  0.044447  0.044679  0.044871  0.045017  0.045117  0.045168  0.045168 
  0.019780  0.019780  0.019800  0.019840  0.019899  0.019978  0.020077  0.020198  0.020341  0.020507  0.020698  0.020914  0.021156  0.021424  0.021720  0.022040  0.022385  0.022750  0.023132  0.023528  0.023931  0.024339  0.024745  0.025148  0.025545  0.025937  0.026327  0.026709  0.027081  0.027444  0.027796  0.028141  0.028478  0.028811  0.029141  0.029468  0.029792  0.030112  0.030426  0.030731  0.031025  0.031303  0.031562  0.031799  0.032010  0.032192  0.032343  0.032458  0.032537  0.032578  0.032578 
  0.013344  0.013344  0.013360  0.013390  0.013437  0.013499  0.013578  0.013675  0.013791  0.013928  0.014087  0.014269  0.014476  0.014708  0.014965  0.015246  0.015550  0.015872  0.016209  0.016555  0.016906  0.017255  0.017598  0.017929  0.018246  0.018549  0.018839  0.019114  0.019372  0.019614  0.019842  0.020061  0.020272  0.020480  0.020688  0.020897  0.021108  0.021321  0.021535  0.021748  0.021956  0.022157  0.022347  0.022523  0.022681  0.022818  0.022933  0.023021  0.023081  0.023112  0.023112 
  0.008841  0.008841  0.008853  0.008877  0.008914  0.008963  0.009027  0.009106  0.009202  0.009317  0.009452  0.009610  0.009792  0.009998  0.010229  0.010483  0.010759  0.011052  0.011358  0.011671  0.011984  0.012291  0.012585  0.012861  0.013115  0.013346  0.013555  0.013739  0.013900  0.014040  0.014162  0.014271  0.014374  0.014473  0.014575  0.014681  0.014795  0.014916  0.015043  0.015175  0.015310  0.015444  0.015575  0.015698  0.015811  0.015910  0.015993  0.016058  0.016103  0.016126  0.016126 
  0.005754  0.005754  0.005763  0.005782  0.005811  0.005851  0.005904  0.005970  0.006051  0.006151  0.006271  0.006412  0.006577  0.006767  0.006981  0.007219  0.007477  0.007753  0.008040  0.008332  0.008620  0.008899  0.009159  0.009394  0.009600  0.009775  0.009919  0.010030  0.010111  0.010166  0.010198  0.010216  0.010226  0.010234  0.010246  0.010266  0.010296  0.010339  0.010393  0.010458  0.010531  0.010610  0.010690  0.010770  0.010845  0.010912  0.010970  0.011015  0.011047  0.011063  0.011063 
  0.003679  0.003679  0.003686  0.003702  0.003726  0.003759  0.003803  0.003861  0.003933  0.004022  0.004131  0.004263  0.004418  0.004598  0.004803  0.005032  0.005282  0.005549  0.005827  0.006107  0.006382  0.006642  0.006879  0.007086  0.007258  0.007390  0.007483  0.007536  0.007553  0.007539  0.007499  0.007442  0.007375  0.007308  0.007245  0.007193  0.007155  0.007134  0.007128  0.007138  0.007160  0.007193  0.007233  0.007277  0.007321  0.007363  0.007400  0.007430  0.007451  0.007462  0.007462 
  0.002312  0.002312  0.002318  0.002331  0.002351  0.002380  0.002419  0.002471  0.002537  0.002620  0.002723  0.002848  0.002998  0.003173  0.003375  0.003601  0.003848  0.004113  0.004387  0.004662  0.004930  0.005181  0.005404  0.005592  0.005738  0.005839  0.005894  0.005903  0.005870  0.005801  0.005703  0.005586  0.005459  0.005330  0.005209  0.005099  0.005007  0.004933  0.004880  0.004845  0.004828  0.004825  0.004833  0.004848  0.004869  0.004890  0.004911  0.004929  0.004941  0.004948  0.004948 
  0.001429  0.001429  0.001434  0.001446  0.001464  0.001490  0.001525  0.001573  0.001635  0.001714  0.001814  0.001936  0.002083  0.002257  0.002458  0.002684  0.002932  0.003197  0.003471  0.003746  0.004012  0.004257  0.004472  0.004648  0.004777  0.004855  0.004882  0.004858  0.004787  0.004676  0.004534  0.004371  0.004197  0.004022  0.003854  0.003700  0.003565  0.003452  0.003361  0.003293  0.003245  0.003214  0.003197  0.003191  0.003193  0.003199  0.003208  0.003216  0.003222  0.003226  0.003226 
  0.000870  0.000870  0.000875  0.000885  0.000902  0.000925  0.000959  0.001004  0.001064  0.001140  0.001238  0.001359  0.001505  0.001679  0.001880  0.002107  0.002356  0.002622  0.002898  0.003173  0.003438  0.003681  0.003891  0.004059  0.004176  0.004239  0.004246  0.004198  0.004099  0.003958  0.003784  0.003587  0.003378  0.003169  0.002967  0.002780  0.002614  0.002472  0.002354  0.002261  0.002190  0.002138  0.002103  0.002082  0.002070  0.002065  0.002064  0.002065  0.002067  0.002068  0.002068 
  0.000523  0.000523  0.000527  0.000537  0.000552  0.000575  0.000607  0.000650  0.000708  0.000783  0.000879  0.000998  0.001144  0.001317  0.001518  0.001745  0.001995  0.002261  0.002537  0.002813  0.003076  0.003317  0.003523  0.003685  0.003794  0.003846  0.003839  0.003775  0.003658  0.003496  0.003300  0.003080  0.002848  0.002615  0.002391  0.002182  0.001995  0.001832  0.001696  0.001585  0.001498  0.001433  0.001385  0.001352  0.001331  0.001318  0.001310  0.001306  0.001305  0.001305  0.001305 
  0.000312  0.000312  0.000316  0.000325  0.000339  0.000360  0.000391  0.000433  0.000489  0.000562  0.000656  0.000774  0.000918  0.001089  0.001288  0.001513  0.001761  0.002026  0.002299  0.002572  0.002833  0.003070  0.003272  0.003428  0.003531  0.003576  0.003560  0.003485  0.003357  0.003184  0.002975  0.002742  0.002497  0.002251  0.002013  0.001791  0.001592  0.001417  0.001270  0.001148  0.001052  0.000977  0.000921  0.000881  0.000853  0.000835  0.000823  0.000816  0.000812  0.000810  0.000810 
  0.000185  0.000185  0.000189  0.000197  0.000211  0.000231  0.000261  0.000301  0.000355  0.000426  0.000518  0.000632  0.000772  0.000940  0.001135  0.001355  0.001598  0.001857  0.002125  0.002392  0.002647  0.002878  0.003074  0.003225  0.003322  0.003361  0.003340  0.003260  0.003127  0.002949  0.002735  0.002498  0.002249  0.001998  0.001755  0.001529  0.001325  0.001145  0.000993  0.000866  0.000765  0.000686  0.000625  0.000581  0.000550  0.000528  0.000513  0.000504  0.000499  0.000497  0.000497 
  0.000110  0.000110  0.000114  0.000122  0.000135  0.000154  0.000182  0.000220  0.000272  0.000340  0.000428  0.000538  0.000673  0.000834  0.001022  0.001235  0.001469  0.001719  0.001978  0.002235  0.002480  0.002703  0.002890  0.003034  0.003126  0.003160  0.003136  0.003055  0.002922  0.002745  0.002534  0.002300  0.002053  0.001806  0.001566  0.001342  0.001139  0.000961  0.000809  0.000683  0.000580  0.000500  0.000438  0.000392  0.000359  0.000336  0.000320  0.000310  0.000304  0.000301  0.000301 
  0.000067  0.000067  0.000071  0.000078  0.000090  0.000108  0.000134  0.000170  0.000219  0.000284  0.000366  0.000471  0.000598  0.000751  0.000929  0.001131  0.001353  0.001590  0.001835  0.002079  0.002312  0.002522  0.002699  0.002834  0.002919  0.002951  0.002926  0.002846  0.002718  0.002547  0.002344  0.002118  0.001881  0.001643  0.001412  0.001196  0.001001  0.000829  0.000681  0.000559  0.000459  0.000380  0.000320  0.000274  0.000241  0.000217  0.000201  0.000191  0.000185  0.000182  0.000182 
  0.000042  0.000042  0.000045  0.000052  0.000063  0.000080  0.000104  0.000137  0.000183  0.000243  0.000320  0.000417  0.000535  0.000678  0.000843  0.001031  0.001238  0.001459  0.001687  0.001914  0.002130  0.002326  0.002490  0.002615  0.002694  0.002722  0.002698  0.002622  0.002501  0.002340  0.002149  0.001937  0.001715  0.001491  0.001274  0.001071  0.000887  0.000725  0.000586  0.000470  0.000376  0.000301  0.000243  0.000200  0.000168  0.000145  0.000129  0.000119  0.000112  0.000110  0.000110 
  0.000028  0.000028  0.000031  0.000037  0.000047  0.000062  0.000084  0.000114  0.000156  0.000210  0.000281  0.000369  0.000478  0.000608  0.000759  0.000931  0.001120  0.001322  0.001531  0.001738  0.001936  0.002114  0.002264  0.002378  0.002449  0.002474  0.002451  0.002381  0.002269  0.002122  0.001946  0.001751  0.001547  0.001341  0.001142  0.000955  0.000786  0.000637  0.000509  0.000402  0.000315  0.000245  0.000192  0.000151  0.000121  0.000100  0.000085  0.000075  0.000069  0.000067  0.000067 
  0.000019  0.000019  0.000022  0.000027  0.000036  0.000050  0.000069  0.000097  0.000133  0.000182  0.000245  0.000325  0.000422  0.000539  0.000675  0.000829  0.000999  0.001180  0.001367  0.001553  0.001730  0.001889  0.002023  0.002125  0.002189  0.002211  0.002189  0.002127  0.002026  0.001893  0.001735  0.001560  0.001376  0.001191  0.001012  0.000844  0.000691  0.000557  0.000442  0.000345  0.000266  0.000204  0.000155  0.000119  0.000091  0.000072  0.000058  0.000049  0.000044  0.000041  0.000041 
  0.000014  0.000014  0.000016  0.000021  0.000029  0.000041  0.000058  0.000082  0.000114  0.000157  0.000213  0.000282  0.000368  0.000471  0.000590  0.000726  0.000875  0.001035  0.001199  0.001363  0.001518  0.001659  0.001776  0.001866  0.001921  0.001940  0.001921  0.001865  0.001777  0.001659  0.001520  0.001366  0.001204  0.001041  0.000883  0.000735  0.000601  0.000482  0.000381  0.000295  0.000226  0.000171  0.000128  0.000095  0.000071  0.000054  0.000042  0.000034  0.000029  0.000027  0.000027 
  0.000010  0.000010  0.000012  0.000016  0.000023  0.000034  0.000048  0.000069  0.000097  0.000134  0.000182  0.000242  0.000316  0.000405  0.000508  0.000625  0.000754  0.000891  0.001033  0.001174  0.001308  0.001429  0.001531  0.001607  0.001655  0.001671  0.001654  0.001606  0.001529  0.001428  0.001308  0.001175  0.001035  0.000894  0.000758  0.000630  0.000514  0.000412  0.000324  0.000251  0.000190  0.000143  0.000105  0.000077  0.000056  0.000041  0.000031  0.000024  0.000020  0.000018  0.000018 
  0.000008  0.000008  0.000010  0.000013  0.000019  0.000028  0.000040  0.000057  0.000081  0.000112  0.000153  0.000204  0.000267  0.000342  0.000429  0.000528  0.000637  0.000754  0.000874  0.000993  0.001106  0.001208  0.001294  0.001359  0.001399  0.001412  0.001398  0.001357  0.001292  0.001206  0.001104  0.000991  0.000873  0.000754  0.000639  0.000531  0.000433  0.000346  0.000272  0.000210  0.000159  0.000118  0.000087  0.000063  0.000045  0.000032  0.000023  0.000018  0.000014  0.000012  0.000012 
  0.000006  0.000006  0.000008  0.000011  0.000015  0.000022  0.000033  0.000047  0.000067  0.000093  0.000126  0.000169  0.000221  0.000283  0.000356  0.000438  0.000529  0.000625  0.000725  0.000824  0.000918  0.001002  0.001073  0.001126  0.001159  0.001170  0.001158  0.001124  0.001070  0.000999  0.000914  0.000821  0.000722  0.000624  0.000528  0.000439  0.000358  0.000286  0.000224  0.000172  0.000130  0.000097  0.000071  0.000051  0.000036  0.000025  0.000018  0.000013  0.000010  0.000009  0.000009 
  0.000005  0.000005  0.000006  0.000008  0.000012  0.000018  0.000026  0.000038  0.000054  0.000075  0.000103  0.000137  0.000179  0.000230  0.000289  0.000356  0.000430  0.000509  0.000590  0.000670  0.000746  0.000815  0.000872  0.000916  0.000942  0.000951  0.000941  0.000913  0.000869  0.000811  0.000742  0.000666  0.000586  0.000506  0.000429  0.000356  0.000290  0.000231  0.000181  0.000139  0.000105  0.000078  0.000057  0.000041  0.000029  0.000020  0.000014  0.000010  0.000008  0.000006  0.000006 
  0.000004  0.000004  0.000005  0.000007  0.000010  0.000014  0.000021  0.000030  0.000043  0.000060  0.000082  0.000109  0.000143  0.000184  0.000231  0.000284  0.000343  0.000406  0.000471  0.000535  0.000595  0.000650  0.000696  0.000730  0.000751  0.000758  0.000750  0.000727  0.000692  0.000646  0.000591  0.000530  0.000467  0.000403  0.000341  0.000283  0.000230  0.000184  0.000144  0.000111  0.000083  0.000062  0.000045  0.000032  0.000022  0.000016  0.000011  0.000008  0.000006  0.000005  0.000005 
  0.000003  0.000003  0.000004  0.000005  0.000007  0.000011  0.000016  0.000024  0.000034  0.000047  0.000064  0.000085  0.000112  0.000144  0.000181  0.000223  0.000269  0.000318  0.000368  0.000418  0.000466  0.000508  0.000544  0.000571  0.000587  0.000592  0.000586  0.000568  0.000540  0.000504  0.000461  0.000414  0.000364  0.000314  0.000266  0.000220  0.000179  0.000143  0.000112  0.000086  0.000065  0.000048  0.000035  0.000025  0.000017  0.000012  0.000008  0.000006  0.000004  0.000004  0.000004 
  0.000002  0.000002  0.000003  0.000004  0.000006  0.000008  0.000012  0.000018  0.000026  0.000036  0.000049  0.000066  0.000086  0.000110  0.000139  0.000171  0.000206  0.000244  0.000283  0.000321  0.000357  0.000390  0.000417  0.000437  0.000450  0.000453  0.000448  0.000435  0.000413  0.000386  0.000353  0.000316  0.000278  0.000240  0.000203  0.000168  0.000137  0.000109  0.000085  0.000066  0.000049  0.000036  0.000026  0.000019  0.000013  0.000009  0.000006  0.000004  0.000003  0.000003  0.000003 
  0.000002  0.000002  0.000002  0.000003  0.000004  0.000006  0.000009  0.000014  0.000019  0.000027  0.000037  0.000049  0.000065  0.000083  0.000104  0.000129  0.000155  0.000183  0.000213  0.000241  0.000269  0.000293  0.000314  0.000329  0.000338  0.000341  0.000337  0.000326  0.000310  0.000289  0.000264  0.000237  0.000208  0.000180  0.000152  0.000126  0.000102  0.000082  0.000064  0.000049  0.000037  0.000027  0.000020  0.000014  0.000010  0.000007  0.000005  0.000003  0.000002  0.000002  0.000002 
  0.000001  0.000001  0.000001  0.000002  0.000003  0.000005  0.000007  0.000010  0.000014  0.000020  0.000027  0.000036  0.000048  0.000061  0.000077  0.000095  0.000114  0.000135  0.000157  0.000178  0.000198  0.000216  0.000231  0.000242  0.000249  0.000251  0.000248  0.000240  0.000228  0.000212  0.000194  0.000174  0.000153  0.000132  0.000111  0.000092  0.000075  0.000060  0.000047  0.000036  0.000027  0.000020  0.000014  0.000010  0.000007  0.000005  0.000003  0.000002  0.000002  0.000001  0.000001 
  0.000001  0.000001  0.000001  0.000001  0.000002  0.000003  0.000005  0.000007  0.000010  0.000014  0.000020  0.000026  0.000034  0.000044  0.000056  0.000069  0.000083  0.000098  0.000113  0.000129  0.000143  0.000156  0.000167  0.000175  0.000180  0.000181  0.000179  0.000173  0.000164  0.000153  0.000140  0.000125  0.000110  0.000095  0.000080  0.000066  0.000054  0.000043  0.000033  0.000026  0.000019  0.000014  0.000010  0.000007  0.000005  0.000003  0.000002  0.000002  0.000001  0.000001  0.000001 
  0.000001  0.000001  0.000001  0.000001  0.000002  0.000002  0.000003  0.000005  0.000007  0.000010  0.000014  0.000019  0.000024  0.000031  0.000039  0.000049  0.000059  0.000069  0.000080  0.000091  0.000101  0.000111  0.000118  0.000124  0.000127  0.000128  0.000126  0.000122  0.000116  0.000108  0.000099  0.000088  0.000077  0.000067  0.000056  0.000047  0.000038  0.000030  0.000024  0.000018  0.000014  0.000010  0.000007  0.000005  0.000004  0.000002  0.000002  0.000001  0.000001  0.000001  0.000001 
  0.000000  0.000000  0.000001  0.000001  0.000001  0.000002  0.000002  0.000004  0.000005  0.000007  0.000010  0.000013  0.000017  0.000022  0.000027  0.000034  0.000041  0.000048  0.000056  0.000063  0.000070  0.000077  0.000082  0.000086  0.000088  0.000089  0.000087  0.000084  0.000080  0.000075  0.000068  0.000061  0.000053  0.000046  0.000039  0.000032  0.000026  0.000021  0.000016  0.000012  0.000009  0.000007  0.000005  0.000003  0.000002  0.000002  0.000001  0.000001  0.000001  0.000000  0.000000 
  0.000000  0.000000  0.000000  0.000000  0.000001  0.000001  0.000002  0.000002  0.000003  0.000005  0.000007  0.000009  0.000011  0.000015  0.000019  0.000023  0.000028  0.000033  0.000038  0.000043  0.000048  0.000052  0.000056  0.000058  0.000060  0.000060  0.000059  0.000057  0.000054  0.000050  0.000046  0.000041  0.000036  0.000031  0.000026  0.000022  0.000017  0.000014  0.000011  0.000008  0.000006  0.000005  0.000003  0.000002  0.000002  0.000001  0.000001  0.000001  0.000000  0.000000  0.000000 
  0.000000  0.000000  0.000000  0.000000  0.000000  0.000001  0.000001  0.000002  0.000002  0.000003  0.000004  0.000006  0.000008  0.000010  0.000012  0.000015  0.000018  0.000022  0.000025  0.000028  0.000031  0.000034  0.000037  0.000038  0.000039  0.000039  0.000039  0.000038  0.000036  0.000033  0.000030  0.000027  0.000024  0.000020  0.000017  0.000014  0.000011  0.000009  0.000007  0.000005  0.000004  0.000003  0.000002  0.000002  0.000001  0.000001  0.000000  0.000000  0.000000  0.000000  0.000000 
  0.000000  0.000000  0.000000  0.000000  0.000000  0.000000  0.000001  0.000001  0.000001  0.000002  0.000003  0.000004  0.000005  0.000006  0.000008  0.000010  0.000012  0.000014  0.000016  0.000018  0.000020  0.000022  0.000023  0.000024  0.000025  0.000025  0.000025  0.000024  0.000022  0.000021  0.000019  0.000017  0.000015  0.000013  0.000011  0.000009  0.000007  0.000006  0.000004  0.000003  0.000003  0.000002  0.000001  0.000001  0.000001  0.000000  0.000000  0.000000  0.000000  0.000000  0.000000 
  0.000000  0.000000  0.000000  0.000000  0.000000  0.000000  0.000000  0.000001  0.000001  0.000001  0.000002  0.000002  0.000003  0.000004  0.000005  0.000006  0.000007  0.000008  0.000009  0.000010  0.000012  0.000013  0.000013  0.000014  0.000014  0.000014  0.000014  0.000014  0.000013  0.000012  0.000011  0.000010  0.000009  0.000007  0.000006  0.000005  0.000004  0.000003  0.000003  0.000002  0.000001  0.000001  0.000001  0.000001  0.000000  0.000000  0.000000  0.000000  0.000000  0.000000  0.000000 
  0.000000  0.000000  0.000000  0.000000  0.000000  0.000000  0.000000  0.000000  0.000000  0.000001  0.000001  0.000001  0.000001  0.000002  0.000002  0.000003  0.000003  0.000004  0.000004  0.000005  0.000005  0.000006  0.000006  0.000006  0.000007  0.000007  0.000007  0.000006  0.000006  0.000006  0.000005  0.000004  0.000004  0.000003  0.000003  0.000002  0.000002  0.000001  0.000001  0.000001  0.000001  0.000000  0.000000  0.000000  0.000000  0.000000  0.000000  0.000000  0.000000  0.000000  0.000000 
  0.000000  0.000000  0.000000  0.000000  0.000000  0.000000  0.000000  0.000000  0.000000  0.000000  0.000000  0.000000  0.000000  0.000000  0.000000  0.000000  0.000000  0.000000  0.000000  0.000000  0.000000  0.000000  0.000000  0.000000  0.000000  0.000000  0.000000  0.000000  0.000000  0.000000  0.000000  0.000000  0.000000  0.000000  0.000000  0.000000  0.000000  0.000000  0.000000  0.000000  0.000000  0.000000  0.000000  0.000000  0.000000  0.000000  0.000000  0.000000  0.000000  0.000000  0.000000 
